44 17
2 0
2 1
1 0
2 0
1 0
1 0
1 1
5 2
1 0
1 0
14 8
2 0
1 0
2 2
9 4
1 0
2 2
2 3
7 3
2 0
2 0
1 1
3 3
1 0
191 25
4 3
1 0
3 3
1 0
1 0
1 0
2 0
2 0
1 0
1 0
38 24
1 0
2 2
3 2
4 6
1 1
2 2
1 1
4 4
1 1
1 0
2 2
1 0
1 0
1 1
1 0
11 0
1 0
7 4
37 21
1 12
6 0
7 8
11 3
1 0
1 0
1 0
2 0
1 0
1 1
4 1
1 2
1 0
1 0
1 0
1 1
1 0
2 0
2 1
1 0
2 0
1 0
2 2
1 0
1 0
1 0
1 0
1 0
4 4
24 6
1 0
1 0
3 0
1 1
6 6
3 0
4 4
2 2
1 0
1 1
4 0
2 1
2 0
2 3
10 6
1 1
2 0
1 0
1 0
2 2
2 2
1 0
1 0
10 8
1 0
14 8
3 0
1 0
10 4
1 0
1 0
1 1
3 7
1 0
2 1
7 0
1 0
8 3
1 0
1 0
1 0
2 3
1 0
5 5
1 1
2 2
1 0
1 0
2 0
1 0
6 1
1 0
1 1
1 0
1 0
6 5
1 0
3 5
1 0
1 1
5 2
1 0
4 1
1 0
1 0
1 0
2 0
2 2
7 5
2 0
4 5
2 1
18 6
1 0
2 2
1 1
7 3
1 0
4 2
3 1
1 1
1 2
1 0
1 1
1 1
1 0
2 0
1 1
8 1
3 3
10 6
5 2
1 0
10 2
1 0
2 0
1 0
2 0
2 0
4 3
1 0
1 0
15 1
1 1
1 0
1 0
4 1
3 2
1 0
2 1
16 3
23 8
1 0
1 0
3 4
1 0
4 2
1 0
20 9
13 1
1 0
2 0
4 3
5 4
3 2
2 0
10 3
1 2
2 2
2 2
14 1
2 1
3 3
1 1
1 0
1 0
2 2
1 3
2 0
1 0
1 0
7 1
1 0
1 2
2 2
1 0
1 1
7 1
1 0
2 1
3 2
1 0
1 0
12 12
1 0
1 0
1 0
1 0
1 0
26 18
4 0
1 0
2 0
1 0
1 0
3 2
1 0
1 0
1 2
1 0
1 0
5 0
1 0
1 0
1 0
11 5
2 0
1 0
1 1
1 0
1 0
1 1
3 2
1 0
15 3
1 0
1 0
1 0
2 0
149 91
1 1
1 0
2 2
5 6
4 1
1 0
2 6
1 0
18 11
3 0
6 6
2 0
1 2
34 13
1 0
2 2
1 0
1 0
2 0
1 2
12 2
1 0
3 2
1 0
1 1
1 0
6 6
11 7
1 0
14 10
1 0
1 4
6 2
1 1
8 5
4 4
1 1
1 0
1 0
3 2
10 9
8 7
1 0
1 0
1 0
2 0
1 0
1 0
2 0
1 1
27 0
1 0
3 4
2 1
1 0
2 2
1 1
7 1
1 1
3 3
2 0
16 9
6 4
3 3
1 0
1 0
1 0
26 1
8 5
38 11
1 1
13 9
1 1
4 2
1 1
1 0
1 1
1 0
2 0
3 3
1 1
1 0
1 0
1 0
1 0
13 5
18 4
2 1
1 3
1 0
2 0
1 0
3 3
4 3
1 0
2 0
4 3
3 1
1 0
2 0
1 0
1 0
2 1
2 0
6 6
2 4
1 0
1 0
1 0
30 6
1 0
2 2
2 2
1 0
1 2
1 0
4 4
4 4
3 4
2 2
9 3
4 0
1 0
3 4
1 0
1 1
1 0
2 2
3 1
5 5
1 0
1 0
1 1
1 0
14 8
1 0
1 1
6 3
2 2
1 0
1 1
1 0
1 0
1 0
1 0
2 0
1 1
1 0
20 6
1 0
2 2
3 0
2 3
1 1
1 0
1 0
3 1
18 8
2 2
11 7
1 0
1 0
2 2
1 0
1 0
3 3
24 7
11 6
1 0
2 0
4 2
1 1
2 3
1 1
2 1
1 0
38 7
3 0
1 1
2 1
1 0
1 0
6 3
2 1
1 0
7 0
1 1
7 0
1 0
3 3
2 0
2 1
1 0
6 2
2 2
3 2
2 0
1 0
66 24
1 0
1 1
6 3
1 1
1 0
1 1
3 0
1 1
1 0
4 4
1 0
25 14
5 1
1 0
1 1
3 1
1 0
1 0
1 0
1 1
3 3
1 0
4 0
1 0
1 0
2 1
1 0
1 0
1 1
17 8
2 3
1 2
1 0
214 83
1 0
2 0
1 1
1 1
3 2
4 3
2 0
1 1
6 5
13 6
11 5
1 0
1 0
4 2
3 1
3 1
2 1
10 3
5 0
1 0
4 2
1 1
1 0
1 4
3 3
1 1
2 0
1 0
3 2
12 4
1 0
2 0
2 1
1 0
1 0
8 2
2 0
11 3
2 1
1 0
1 0
1 0
1 0
1 0
10 8
8 0
1 1
1 0
6 5
1 0
1 0
2 1
15 0
1 0
3 1
9 3
1 1
1 0
2 2
5 2
1 1
1 0
1 0
1 1
2 0
1 0
6 1
6 3
2 0
1 1
2 0
1 0
2 4
1 0
2 0
1 0
2 2
1 0
4 4
1 0
2 2
1 0
8 6
1 0
1 0
3 3
1 0
1 1
2 0
2 0
1 1
1 1
1 1
2 0
3 3
4 0
9 9
8 3
1 0
8 8
1 1
1 2
1 0
23 11
6 5
2 0
13 4
1 0
1 0
2 2
1 0
4 2
2 0
1 0
1 1
7 4
2 2
1 0
1 0
1 0
1 0
2 0
1 0
1 1
1 0
1 0
1 0
3 3
1 0
2 0
1 0
2 0
2 2
4 0
173 11
1 0
1 0
2 1
3 0
1 0
1 0
1 0
1 0
1 0
1 0
6 1
1 0
19 1
1 1
9 1
1 1
3 1
1 0
5 1
10 3
1 0
54 5
1 0
4 2
7 5
5 4
1 0
1 1
7 2
1 0
3 1
1 1
1 2
2 0
1 1
6 5
2 0
3 0
1 0
1 0
5 7
1 0
1 0
2 0
1 0
1 1
1 0
9 6
1 0
1 0
2 2
8 4
1 0
12 9
1 0
1 0
1 1
1 0
4 0
1 0
1 0
1 0
1 1
2 2
1 1
33 0
1 1
1 0
2 0
1 0
2 0
4 0
1 1
1 0
1 0
4 0
1 0
5 3
1 0
1 0
2 0
1 0
1 0
2 4
1 0
1 1
10 5
1 0
1 1
2 0
8 5
5 4
2 0
1 1
1 1
2 2
1 0
1 1
2 1
7 0
1 0
1 1
2 0
11 5
3 3
1 0
1 0
1 0
1 1
1 0
1 0
3 3
1 0
1 1
1 0
39 26
4 4
1 0
1 0
4 3
2 1
3 3
1 0
6 0
2 2
2 2
2 0
1 1
4 2
1 0
1 1
1 1
2 2
1 1
7 7
1 0
1 0
1 1
1 0
1 2
4 3
6 4
4 3
1 0
1 0
12 0
3 1
1 0
2 0
5 3
1 0
1 1
4 1
1 0
7 9
14 6
3 3
1 1
31 13
144 35
1 1
1 0
2 0
2 0
1 0
1 0
88 43
4 1
1 0
41 14
31 6
2 0
1 1
2 0
1 1
4 4
12 12
5 2
1 0
1 0
6 0
1 0
1 1
1 1
1 0
1 1
1 0
5 5
1 0
3 0
1 0
2 1
1 1
3 1
5 2
1 1
6 4
1 1
1 0
7 4
1 0
1 1
1 0
1 0
2 1
3 0
1 0
13 8
2 0
146 81
6 0
11 10
10 6
21 11
3 3
4 4
4 4
5 5
1 2
289 22
3 2
1 0
7 2
1 1
3 2
3 3
2 0
2 0
2 0
1 0
2 1
1 0
1 0
2 0
1 3
1 2
2 2
1 0
1 0
1 0
1 2
1 0
1 5
2 1
1 0
45 7
1 1
2 0
7 7
1 0
4 4
5 2
1 0
2 0
2 0
1 0
1 0
1 0
3 1
2 2
1 0
2 2
1 0
2 0
1 0
1 1
3 0
1 0
1 0
1 0
21 12
1 0
2 2
3 0
2 1
1 0
1 0
1 1
4 0
1 0
23 13
1 0
1 0
1 0
1 0
78 15
1 1
2 2
3 3
2 0
30 0
3 0
1 0
1 0
1 1
1 0
1 0
4 0
4 3
3 0
4 3
1 0
2 3
2 2
1 0
6 4
10 3
1 0
2 1
1 0
1 0
3 0
1 1
1 0
2 0
1 0
1 0
1 0
2 0
1 1
1 0
45 26
1 0
1 0
1 0
3 3
1 0
2 0
1 2
1 0
1 0
1 0
1 1
8 0
1 2
41 11
1 0
1 0
1 0
3 0
1 0
1 0
1 0
1 0
1 0
1 0
2 0
1 0
3 1
15 1
1 0
4 4
40 14
23 11
1 0
1 0
1 0
5 5
8 8
109 22
3 56
1 0
1 0
1 0
1 1
1 0
1 0
2 2
1 0
1 0
4 4
1 0
1 0
1 0
1 0
14 2
2 2
1 0
4 4
40 18
1 0
7 2
4 1
1 1
2 2
1 0
2 1
12 7
1 0
1 0
2 0
66 26
20 2
7 7
12 10
2 2
1 0
1 0
11 6
1 0
6 3
24 13
1 0
1 0
2 0
109 21
6 1
1 1
2 0
2 1
3 0
4 3
1 0
1 0
1 0
45 27
1 0
2 2
3 3
1 0
3 0
5 4
1 0
9 0
1 1
1 0
2 1
1 0
5 2
1 0
1 0
2 2
8 0
25 11
3 2
1 1
1 0
2 0
1 0
3 2
2 0
1 1
2 0
5 2
1 0
1 0
1 1
2 2
3 3
1 0
6 2
3 1
3 3
8 5
17 5
53 16
31 12
3 5
1 0
2 1
1 0
20 11
1 0
2 0
23 7
1 0
22 6
1 0
1 0
1 0
2 2
5 4
1 0
2 0
1 0
79 17
4 4
1 1
1 1
1 0
5 1
11 1
1 0
1 0
6 0
1 1
1 0
4 2
1 0
4 4
1 0
1 0
1 0
1 1
8 1
1 0
1 0
1 0
1 0
2 1
2 1
1 1
1 0
1 0
1 0
16 10
2 0
2 2
3 1
4 3
10 3
